<path
    style="fill:none;stroke:#0000ff;stroke-width:2;stroke-linejoin:bevel"
    d="m 1914.3671,3523.6191 c 68.595,-600.9335 24.8096,-979.0851 -32.9499,-1383.5183 289.2408,-180.4336 229.0171,-496.3922 244.0002,-562.0003 222.9827,-12.6077 754.5226,-44.0001 754.5226,-44.0001 L 2880,3888 c -754.5228,10.0936 -688.9666,-290.0073 -965.6321,-364.3809 z"
    id="p_0002_back"
/>
<path
    style="fill:none;stroke:#0000ff;stroke-width:1.77271;stroke-linejoin:bevel"
    d="m 3176.0305,1417.6867 c 24.9823,59.4375 297.3457,110.1399 452.6555,153.7073 -21.0255,241.621 -155.3408,688.8018 235.4729,708.6066 -79.0753,599.6179 -100.1866,975.2118 -39.0572,1376.5039 -372.8701,149.2921 -297.9088,230.9821 -994.4879,231.1091 h -94.2274 V 1647.9528 l 94.2271,0.1134 c 143.2785,-53.5914 213.662,-84.0132 345.417,-230.3799 z"
    id="p_0002_front"
/>
<path
    id="p_0002_sleeve"
    style="fill:none;stroke:#0000ff;stroke-width:2;stroke-linejoin:bevel"
    d="m 3505.1084,4920.3999 c -8.912,-26.7203 -15.27,-56.501 -18.0391,-93.7168 8.6453,-116.1917 52.2844,-159.915 99.3497,-264.2734 -345.9349,-225.3585 -500.9658,-537.1756 -728.6642,-536.7031 v 0 c -171.8895,-5.1844 -245.9413,298.1186 -697.2676,541.1895 40.6734,127.7072 71.4523,177.3832 100.668,259.789 -12.1397,34.2413 -24.5487,62.8314 -37.8262,93.7168 z"
/>
<path
    id="p_0002_yoke"
    style="fill:none;stroke:#0000ff;stroke-width:2;stroke-linejoin:bevel"
    d="m 2879.94,1243.9155 c 0,0 -177.7818,12.1935 -346.495,-121.9503 -48.3035,46.4213 -206.219,59.6036 -459.6662,154.4731 49.8977,82.1503 49.8977,125.9834 49.8977,257.6621 H 2879.94 Z"
/>
