<path
   id="p_0001_back"
   style="fill:none;stroke:#0000ff;stroke-width:2;stroke-linejoin:bevel;stroke-dasharray:none;stroke-opacity:1"
   d="m 1964.6918,3696.2113 c 53.9539,-308.7912 76.5804,-576.4494 70.1972,-812.0874 -0.2117,-7.7492 -0.4513,-15.4636 -0.7238,-23.144 -0.3364,-9.5097 -0.7234,-19.0016 -1.1584,-28.4757 -10.602,-231.018 -50.335,-451.4683 -129.4988,-658.6409 90.2355,-27.4573 316.0887,-168.0537 163.8516,-865.512 132.2351,-50.8621 255.0282,-114.0161 538.3321,-193.8793 105.4515,6.0207 164.2704,5.6847 274.464,5.8484 -0.045,1.8364 -0.1474,929.1604 -0.1549,1704.9298 -4e-4,12.0377 -4e-4,24.0389 -4e-4,36 -4e-4,6.2611 -4e-4,12.5113 -4e-4,18.7498 0,529.8501 0.038,975.4458 0.1739,983.1099 -475.7269,24.9582 -683.0601,-129.5527 -915.481,-166.8986 z"
/>
<path
   id="p_0001_front"
   style="fill:none;stroke:#0000ff;stroke-width:2;stroke-linejoin:bevel;stroke-dasharray:none;stroke-opacity:1"
   d="m 3607.9018,1898.0756 c 9.007,111.689 95.5832,218.1211 238.6096,267.2357 -55.3516,245.5509 -84.2967,338.919 -109.4427,535.9356 -33.2519,260.5296 -7.9918,776.6819 52.3563,996.8269 C 3411.9194,3800.8645 3512.1074,3858.0813 2736,3888 c 0.1436,-4.5812 1.5277,-2369.6614 1.4373,-2372.0342 351.8725,14.4209 364.5411,-132.1128 432.1062,-388.2454 127.8909,46.3419 363.4421,96.6062 525.4353,205.4185 -93.8967,215.7622 -99.2735,413.6922 -87.077,564.9367 z"
/>
<path
   id="p_0001_sleeve"
   style="fill:none;stroke:#0000ff;stroke-width:2;stroke-linejoin:bevel;stroke-dasharray:none;stroke-opacity:1"
   d="m 2153.1228,4896.4757 c 11.8798,-28.6325 21.5338,-58.7932 32.1339,-96.0468 -28.8643,-101.5246 -50.7145,-150.1527 -129.6,-259.1532 77.8072,-47.2505 304.2005,-199.8886 367.2174,-261.5361 171.7243,-167.9921 290.9593,-255.9058 434.8807,-254.033 143.9214,-1.8728 341.1564,204.0412 420.8807,272.033 67.0756,57.2047 209.4104,150.2857 381.2171,243.5361 -78.8852,109.0005 -100.7354,157.6286 -129.5996,259.1532 10.6,37.2536 20.2541,67.4143 32.1343,96.0468 h -704.6325 z"
/>